{'dataset_name': 'REDDIT-MULTI-12K', 'seed': 777, 'num_workers': 1, 'cov_weight': 0.01, 'hyperparams': {'batch_size': 64, 'epochs': 701, 'learning_rate': 0.001, 'step_size': 50, 'decay_rate': 0.75}, 'architecture': {'layers': 4, 'hidden': 256, 'pooling': 'add', 'JK': 'last', 'nonlinear_conv': 'g', 'dropout': 0.5, 'variants': {'BN': 'Y'}}, 'commit_id': '2ceb3d035efe519de861aee344e426f68c91b0bc', 'time_stamp': '1610337486', 'directory': '../../nlg_results/tu/board/'}
-------- FOLD0 DATASET=REDDIT-MULTI-12K, COMMIT_ID=2ceb3d035efe519de861aee344e426f68c91b0bc
Epoch: 001, Train Loss: 36.7011059, Train Acc: 0.1048808, Test Acc: 0.1139983, Train Cov: 57.3056488
Epoch: 002, Train Loss: 2.6734111, Train Acc: 0.2156297, Test Acc: 0.2380553, Train Cov: 30.4507084
Epoch: 003, Train Loss: 2.5848627, Train Acc: 0.2148845, Test Acc: 0.2380553, Train Cov: 20.9077358
Epoch: 004, Train Loss: 2.4777796, Train Acc: 0.2146051, Test Acc: 0.2380553, Train Cov: 15.2724085
