{'dataset_name': 'COLLAB', 'seed': 123, 'num_workers': 1, 'cov_weight': 0.01, 'hyperparams': {'batch_size': 32, 'epochs': 1001, 'learning_rate': 0.002, 'step_size': 50, 'decay_rate': 0.75}, 'architecture': {'layers': 3, 'hidden': 128, 'pooling': 'add', 'JK': 'last', 'nonlinear_conv': 'penalty', 'dropout': 0.5, 'BN': 'Y', 'exps': 4, 'aggr': 'add'}, 'commit_id': 'cb50f5127d624b228122f3228dc74c7bb39c37c7', 'time_stamp': '1612327558', 'directory': '../../nlg_results/tu/board/'}
-------- FOLD0 DATASET=COLLAB, COMMIT_ID=cb50f5127d624b228122f3228dc74c7bb39c37c7
Epoch: 001, Train Loss: 11.9520266, Train Acc: 0.6955556, Test Acc: 0.6920000, Train Cov: 883.1926880
Epoch: 002, Train Loss: 2.3168092, Train Acc: 0.6873333, Test Acc: 0.6920000, Train Cov: 121.6498795
Epoch: 003, Train Loss: 1.5766752, Train Acc: 0.6166667, Test Acc: 0.6160000, Train Cov: 60.1126060
Epoch: 004, Train Loss: 3.3937332, Train Acc: 0.6542222, Test Acc: 0.6480000, Train Cov: 191.8336487
